80 00 07 00 22 04 04 f8 03 00 00
80 00 07 00 22 04 04 f8 03 00 00
80 00 07 00 22 04 04 f8 03 00 00
80 00 07 00 22 04 04 f8 03 00 00
80 00 07 00 22 00 00 fc 03 00 00
80 00 07 00 22 00 00 fc 03 00 00
80 00 07 00 22 00 00 fc 03 00 00
80 00 07 00 22 00 00 fc 03 00 00
80 00 07 00 22 0c 04 f0 03 00 00
80 00 07 00 22 0c 04 f0 03 00 00
80 00 07 00 22 0c 04 f0 03 00 00
80 00 07 00 22 0c 04 f0 03 00 00
80 00 07 00 22 40 04 bc 03 00 00
80 00 07 00 22 40 04 bc 03 00 00
80 00 07 00 22 40 04 bc 03 00 00
80 00 07 00 22 40 04 bc 03 00 00
80 00 07 00 22 4a 0C b4 03 00 00
80 00 07 00 22 4a 0C b4 03 00 00
80 00 07 00 22 4a 0C b4 03 00 00
80 00 07 00 22 4a 0C b4 03 00 00
80 00 07 00 22 4b 0C b4 03 00 00
80 00 07 00 22 4b 0C b4 03 00 00
80 00 07 00 22 4b 0C b4 03 00 00
80 00 07 00 22 4b 0C b4 03 00 00
80 00 07 00 22 4b 0C b4 03 00 00
